0 0.0688 0.4333 0.0437 0.0250
0 0.1281 0.4375 0.0312 0.0208
0 0.1703 0.4302 0.0344 0.0271
0 0.2148 0.4396 0.0391 0.0208
0 0.2570 0.4437 0.0359 0.0208
0 0.2961 0.4500 0.0266 0.0250
0 0.3375 0.4677 0.0344 0.0271
0 0.4070 0.4750 0.0328 0.0250
0 0.0375 0.4583 0.0406 0.0250
0 0.0805 0.4604 0.0359 0.0333
0 0.1328 0.4646 0.0437 0.0292
0 0.1945 0.4573 0.0391 0.0229
0 0.2484 0.4677 0.0437 0.0271
0 0.1375 0.5062 0.0469 0.0292
0 0.0336 0.4844 0.0547 0.0312
0 0.3883 0.5135 0.0359 0.0312
0 0.6500 0.2781 0.0219 0.0479
0 0.6977 0.3573 0.0203 0.0521
0 0.6930 0.7771 0.0266 0.0625
0 0.0219 0.6458 0.0281 0.0375
0 0.0836 0.6479 0.0172 0.0250
0 0.1102 0.6417 0.0203 0.0250
0 0.1359 0.6427 0.0312 0.0271
0 0.1672 0.6469 0.0344 0.0229
0 0.1609 0.6760 0.0281 0.0354
0 0.1313 0.6802 0.0219 0.0271
0 0.1094 0.6792 0.0281 0.0333
0 0.0836 0.6813 0.0297 0.0292
0 0.0430 0.7427 0.0297 0.0437
0 0.0680 0.7396 0.0297 0.0375
0 0.1633 0.7438 0.0328 0.0333
0 0.1578 0.7760 0.0281 0.0396
0 0.1281 0.7781 0.0250 0.0396
0 0.1039 0.7740 0.0234 0.0354
0 0.0813 0.7688 0.0219 0.0333
0 0.0469 0.7833 0.0281 0.0375
0 0.0391 0.8438 0.0281 0.0417
0 0.0664 0.8458 0.0266 0.0333
0 0.0867 0.8385 0.0234 0.0354
0 0.1070 0.8354 0.0266 0.0375
0 0.1344 0.8281 0.0312 0.0312
0 0.0547 0.8719 0.0219 0.0271
0 0.0750 0.8677 0.0219 0.0271
0 0.1008 0.8688 0.0203 0.0250
0 0.1234 0.8750 0.0250 0.0292
0 0.1477 0.8708 0.0234 0.0375
0 0.0383 0.9344 0.0328 0.0354
0 0.0656 0.9406 0.0219 0.0229
0 0.2305 0.7198 0.0297 0.0271
0 0.3734 0.6677 0.0406 0.0271
0 0.0594 0.0396 0.0312 0.0292
0 0.4047 0.6927 0.0344 0.0271
0 0.4430 0.6073 0.0203 0.0229
0 0.4227 0.6052 0.0172 0.0396
0 0.3867 0.5927 0.0266 0.0396
0 0.4695 0.6573 0.0391 0.0271
