0 0.3008 0.5094 0.0359 0.0271
0 0.4023 0.5104 0.0422 0.0208
0 0.5141 0.5094 0.0500 0.0271
0 0.6414 0.5125 0.0328 0.0250
0 0.7055 0.5125 0.0391 0.0333
0 0.7625 0.5115 0.0344 0.0312
0 0.8063 0.5156 0.0281 0.0271
0 0.8516 0.5156 0.0312 0.0187
0 0.0633 0.2562 0.0359 0.0417
0 0.0500 0.0500 0.0406 0.0458
0 0.0930 0.0354 0.0266 0.0375
0 0.0617 0.6917 0.0328 0.0333
0 0.0945 0.6885 0.0297 0.0354
0 0.1227 0.6927 0.0297 0.0354
0 0.1477 0.6937 0.0297 0.0333
0 0.0375 0.7240 0.0344 0.0354
0 0.0672 0.7260 0.0250 0.0312
0 0.0852 0.7271 0.0266 0.0333
0 0.0211 0.7969 0.0266 0.0437
0 0.0422 0.7958 0.0344 0.0292
0 0.1422 0.7927 0.0312 0.0354
0 0.1055 0.8302 0.0328 0.0354
0 0.0742 0.8333 0.0297 0.0375
0 0.1422 0.9031 0.0312 0.0312
0 0.1227 0.9375 0.0234 0.0250
0 0.0953 0.9385 0.0250 0.0312
0 0.0734 0.9365 0.0312 0.0354
0 0.0430 0.9427 0.0328 0.0354
0 0.1180 0.8948 0.0328 0.0396
0 0.0875 0.9010 0.0281 0.0354
0 0.0602 0.9010 0.0234 0.0354
0 0.0383 0.9000 0.0234 0.0542
0 0.4578 0.7000 0.0406 0.0292
0 0.4570 0.7240 0.0266 0.0229
0 0.3703 0.6302 0.0281 0.0396
0 0.3680 0.7063 0.0297 0.0333
0 0.3977 0.7354 0.0297 0.0292
