0 0.0383 0.2427 0.0297 0.0479
0 0.0766 0.2177 0.0281 0.0396
0 0.0477 0.4323 0.0359 0.0312
0 0.0547 0.4594 0.0406 0.0271
0 0.1086 0.4354 0.0391 0.0292
0 0.1109 0.4615 0.0406 0.0229
0 0.1531 0.4375 0.0406 0.0292
0 0.0172 0.4552 0.0281 0.0354
0 0.1859 0.4396 0.0469 0.0292
0 0.1758 0.4615 0.0422 0.0312
0 0.2297 0.4729 0.0375 0.0292
0 0.2391 0.4427 0.0406 0.0312
0 0.2953 0.4542 0.0406 0.0333
0 0.3922 0.4708 0.0469 0.0292
0 0.0602 0.6479 0.0359 0.0333
0 0.0898 0.6469 0.0266 0.0354
0 0.1141 0.6448 0.0281 0.0312
0 0.1391 0.6510 0.0219 0.0354
0 0.1445 0.6760 0.0297 0.0354
0 0.0258 0.7479 0.0297 0.0417
0 0.0523 0.7542 0.0391 0.0292
0 0.1453 0.7542 0.0344 0.0375
0 0.0273 0.7812 0.0266 0.0375
0 0.0617 0.7844 0.0203 0.0271
0 0.0828 0.7802 0.0250 0.0271
0 0.1078 0.7865 0.0250 0.0354
0 0.1336 0.7875 0.0234 0.0375
0 0.0406 0.6823 0.0281 0.0437
0 0.0656 0.6844 0.0250 0.0396
0 0.0898 0.6781 0.0234 0.0354
0 0.0187 0.8521 0.0281 0.0417
0 0.0430 0.8542 0.0203 0.0375
0 0.0633 0.8490 0.0203 0.0229
0 0.0875 0.8406 0.0250 0.0354
0 0.1125 0.8458 0.0250 0.0250
0 0.1414 0.8510 0.0297 0.0312
0 0.1250 0.8823 0.0281 0.0354
0 0.1008 0.8854 0.0297 0.0375
0 0.0773 0.8771 0.0266 0.0292
0 0.0555 0.8844 0.0297 0.0312
0 0.0250 0.8823 0.0250 0.0312
0 0.0180 0.9448 0.0234 0.0312
0 0.0414 0.9479 0.0203 0.0292
0 0.0625 0.9510 0.0219 0.0312
0 0.3641 0.6656 0.0312 0.0271
0 0.3633 0.6885 0.0234 0.0229
0 0.3680 0.6021 0.0172 0.0417
0 0.3914 0.6104 0.0266 0.0375
0 0.4437 0.6552 0.0250 0.0229
0 0.4469 0.6750 0.0312 0.0292
0 0.4516 0.6990 0.0281 0.0354
0 0.3914 0.6917 0.0297 0.0208
