0 0.0609 0.4375 0.0469 0.0417
0 0.0836 0.4740 0.0297 0.0312
0 0.1336 0.4479 0.0422 0.0333
0 0.2375 0.4490 0.0437 0.0312
0 0.3227 0.4729 0.0453 0.0292
0 0.4266 0.4740 0.0406 0.0354
0 0.4922 0.4771 0.0250 0.0208
0 0.5625 0.4813 0.0312 0.0333
0 0.5977 0.4813 0.0328 0.0208
0 0.5953 0.5156 0.0312 0.0271
0 0.6453 0.4729 0.0312 0.0292
0 0.6781 0.4802 0.0281 0.0229
0 0.7219 0.4802 0.0406 0.0271
0 0.7773 0.4844 0.0266 0.0312
0 0.8391 0.4906 0.0406 0.0271
0 0.8695 0.5333 0.0422 0.0250
0 0.4203 0.5177 0.0437 0.0312
0 0.6234 0.3354 0.0187 0.0417
0 0.6336 0.3802 0.0172 0.0271
0 0.6344 0.8125 0.0219 0.0458
0 0.6148 0.8573 0.0297 0.0563
0 0.3648 0.6740 0.0391 0.0312
0 0.3953 0.6948 0.0344 0.0271
0 0.0273 0.7635 0.0234 0.0437
0 0.0484 0.7531 0.0250 0.0396
0 0.0312 0.7917 0.0250 0.0375
0 0.0625 0.7823 0.0250 0.0229
0 0.0391 0.6917 0.0219 0.0458
0 0.0609 0.6635 0.0312 0.0396
0 0.0961 0.6469 0.0359 0.0229
0 0.1203 0.6552 0.0094 0.0312
0 0.1383 0.6594 0.0141 0.0187
0 0.1406 0.6844 0.0250 0.0312
0 0.1125 0.6896 0.0312 0.0250
0 0.0852 0.6865 0.0266 0.0437
0 0.0805 0.8000 0.0234 0.0375
0 0.1156 0.7906 0.0250 0.0437
0 0.1547 0.7604 0.0219 0.0458
0 0.2180 0.7323 0.0328 0.0229
0 0.0211 0.8635 0.0297 0.0521
0 0.0477 0.8625 0.0328 0.0417
0 0.1031 0.8906 0.0187 0.0312
0 0.0680 0.9573 0.0234 0.0354
0 0.0406 0.9604 0.0187 0.0333
0 0.6414 0.1812 0.0203 0.0417
0 0.6625 0.5073 0.0281 0.0312
0 0.7195 0.5156 0.0328 0.0271
