0 0.0602 0.4198 0.0484 0.0312
0 0.1148 0.4177 0.0328 0.0271
0 0.1617 0.4219 0.0359 0.0271
0 0.2023 0.4229 0.0359 0.0292
0 0.1867 0.4437 0.0484 0.0292
0 0.2430 0.4250 0.0422 0.0250
0 0.2391 0.4531 0.0406 0.0271
0 0.2906 0.4365 0.0375 0.0354
0 0.3320 0.4510 0.0297 0.0229
0 0.4695 0.4583 0.0516 0.0292
0 0.6305 0.2760 0.0266 0.0437
0 0.6758 0.2406 0.0203 0.0521
0 0.6937 0.2687 0.0219 0.0417
0 0.0922 0.4896 0.0406 0.0292
0 0.0211 0.4448 0.0359 0.0271
0 0.0688 0.4417 0.0344 0.0292
0 0.1258 0.4427 0.0391 0.0312
0 0.0789 0.6302 0.0328 0.0312
0 0.1047 0.6250 0.0250 0.0292
0 0.1320 0.6312 0.0266 0.0292
0 0.1539 0.6281 0.0234 0.0312
0 0.1562 0.6594 0.0250 0.0354
0 0.1219 0.6656 0.0281 0.0354
0 0.1016 0.6635 0.0219 0.0354
0 0.0734 0.6667 0.0312 0.0375
0 0.0539 0.6615 0.0266 0.0354
0 0.0344 0.7260 0.0281 0.0396
0 0.0594 0.7271 0.0344 0.0417
0 0.1578 0.7292 0.0312 0.0375
0 0.0406 0.7677 0.0312 0.0312
0 0.0750 0.7573 0.0250 0.0312
0 0.0969 0.7573 0.0250 0.0437
0 0.1203 0.7635 0.0219 0.0312
0 0.0312 0.8354 0.0281 0.0458
0 0.0578 0.8271 0.0281 0.0333
0 0.0781 0.8229 0.0312 0.0333
0 0.0992 0.8229 0.0266 0.0333
0 0.1266 0.8208 0.0281 0.0417
0 0.1430 0.8573 0.0234 0.0354
0 0.1148 0.8615 0.0266 0.0354
0 0.0953 0.8573 0.0250 0.0354
0 0.0625 0.8594 0.0250 0.0312
0 0.0328 0.9187 0.0281 0.0375
0 0.0578 0.9240 0.0219 0.0229
0 0.0781 0.9229 0.0219 0.0375
0 0.1062 0.9260 0.0187 0.0396
0 0.6805 0.8438 0.0203 0.0417
0 0.3695 0.6469 0.0266 0.0229
0 0.3680 0.6729 0.0328 0.0333
0 0.3742 0.5823 0.0234 0.0396
0 0.4023 0.5938 0.0203 0.0333
0 0.4156 0.5938 0.0125 0.0292
0 0.4297 0.5906 0.0250 0.0312
0 0.4008 0.6760 0.0422 0.0312
0 0.4570 0.6438 0.0391 0.0333
0 0.4602 0.6635 0.0328 0.0271
0 0.4570 0.6896 0.0297 0.0292
0 0.4758 0.8521 0.0203 0.0292
0 0.4758 0.7688 0.0203 0.0250
0 0.2234 0.7063 0.0344 0.0292
