0 0.1008 0.1490 0.0391 0.0437
0 0.1531 0.0302 0.0344 0.0437
0 0.0586 0.4354 0.0453 0.0292
0 0.0234 0.4552 0.0437 0.0312
0 0.0695 0.4604 0.0391 0.0250
0 0.1180 0.4333 0.0422 0.0250
0 0.1242 0.4583 0.0422 0.0333
0 0.1656 0.4323 0.0344 0.0312
0 0.1852 0.4625 0.0453 0.0250
0 0.2055 0.4417 0.0328 0.0333
0 0.2523 0.4458 0.0391 0.0333
0 0.2359 0.4667 0.0375 0.0333
0 0.3164 0.4594 0.0453 0.0312
0 0.5453 0.4781 0.0469 0.0354
0 0.6328 0.7583 0.0250 0.0542
0 0.6820 0.8052 0.0234 0.0521
0 0.6641 0.9313 0.0219 0.0417
0 0.3992 0.6177 0.0266 0.0354
0 0.3734 0.6656 0.0375 0.0271
0 0.2203 0.7208 0.0250 0.0292
0 0.1547 0.6750 0.0281 0.0250
0 0.1555 0.6521 0.0266 0.0292
0 0.1305 0.6510 0.0266 0.0312
0 0.1023 0.6510 0.0297 0.0271
0 0.0758 0.6510 0.0297 0.0354
0 0.0508 0.6792 0.0266 0.0333
0 0.0734 0.6792 0.0219 0.0375
0 0.0977 0.6844 0.0234 0.0312
0 0.1234 0.6823 0.0250 0.0271
0 0.1555 0.7479 0.0266 0.0500
0 0.1430 0.7854 0.0297 0.0292
0 0.1180 0.7844 0.0266 0.0312
0 0.0945 0.7844 0.0328 0.0354
0 0.0391 0.7865 0.0281 0.0354
0 0.0359 0.7469 0.0281 0.0354
0 0.0641 0.7438 0.0406 0.0417
0 0.0297 0.8500 0.0250 0.0458
0 0.0539 0.8479 0.0266 0.0333
0 0.0789 0.8448 0.0266 0.0437
0 0.0992 0.8375 0.0297 0.0458
0 0.1273 0.8438 0.0297 0.0292
0 0.0289 0.9385 0.0297 0.0312
0 0.0555 0.9427 0.0234 0.0312
0 0.0727 0.9458 0.0172 0.0292
0 0.0648 0.8760 0.0234 0.0354
0 0.0898 0.8688 0.0234 0.0333
0 0.1141 0.8750 0.0281 0.0292
0 0.1383 0.8781 0.0203 0.0354
0 0.3969 0.6917 0.0250 0.0208
0 0.3727 0.5938 0.0203 0.0417
