0 0.0320 0.4354 0.0453 0.0292
0 0.1187 0.4437 0.0375 0.0250
0 0.1375 0.4688 0.0437 0.0292
0 0.1953 0.4490 0.0344 0.0271
0 0.2062 0.4760 0.0375 0.0271
0 0.2477 0.4552 0.0359 0.0354
0 0.3063 0.4667 0.0500 0.0292
0 0.3852 0.4823 0.0422 0.0312
0 0.4109 0.5208 0.0312 0.0292
0 0.4391 0.4781 0.0344 0.0229
0 0.4492 0.5010 0.0328 0.0354
0 0.4938 0.4833 0.0375 0.0208
0 0.5234 0.5052 0.0375 0.0271
0 0.5594 0.4833 0.0406 0.0250
0 0.6008 0.4875 0.0328 0.0250
0 0.6461 0.4792 0.0328 0.0250
0 0.6602 0.5333 0.0359 0.0250
0 0.6852 0.4802 0.0297 0.0312
0 0.7508 0.4885 0.0391 0.0229
0 0.7937 0.5104 0.0312 0.0250
0 0.8258 0.4896 0.0297 0.0208
0 0.8453 0.5385 0.0312 0.0229
0 0.6383 0.3448 0.0172 0.0396
0 0.6219 0.4188 0.0219 0.0375
0 0.0531 0.0344 0.0250 0.0354
0 0.1039 0.0344 0.0234 0.0312
0 0.1391 0.0198 0.0312 0.0312
0 0.1773 0.0271 0.0297 0.0375
0 0.6312 0.7802 0.0312 0.0604
0 0.0437 0.6865 0.0281 0.0271
0 0.0680 0.6927 0.0203 0.0229
0 0.0898 0.6896 0.0234 0.0250
0 0.1164 0.6948 0.0234 0.0354
0 0.1492 0.6896 0.0234 0.0250
0 0.1500 0.6646 0.0312 0.0333
0 0.1227 0.6573 0.0328 0.0312
0 0.1008 0.6562 0.0359 0.0250
0 0.0703 0.6604 0.0281 0.0333
0 0.0234 0.7583 0.0281 0.0458
0 0.0508 0.7573 0.0297 0.0271
0 0.0250 0.7969 0.0312 0.0396
0 0.0609 0.7875 0.0219 0.0208
0 0.0836 0.7896 0.0234 0.0292
0 0.1117 0.7896 0.0234 0.0208
0 0.1414 0.7906 0.0266 0.0354
0 0.1516 0.7521 0.0281 0.0417
0 0.0203 0.8667 0.0250 0.0375
0 0.0516 0.8635 0.0312 0.0271
0 0.0727 0.8531 0.0234 0.0271
0 0.1203 0.8500 0.0344 0.0375
0 0.1484 0.8583 0.0219 0.0208
0 0.0320 0.8906 0.0172 0.0229
0 0.0156 0.9552 0.0219 0.0354
0 0.0414 0.9573 0.0203 0.0312
0 0.0680 0.9656 0.0203 0.0437
0 0.1313 0.8917 0.0281 0.0292
0 0.1070 0.8948 0.0234 0.0312
0 0.0586 0.8938 0.0328 0.0292
0 0.3672 0.6698 0.0281 0.0271
0 0.3984 0.7010 0.0250 0.0271
0 0.3977 0.7250 0.0391 0.0250
0 0.4570 0.6615 0.0359 0.0271
0 0.4531 0.6833 0.0344 0.0333
