0 0.0555 0.4385 0.0422 0.0354
0 0.0234 0.4615 0.0406 0.0354
0 0.0695 0.4677 0.0422 0.0271
0 0.1141 0.4448 0.0406 0.0271
0 0.1219 0.4656 0.0406 0.0354
0 0.1609 0.4417 0.0375 0.0250
0 0.1812 0.4698 0.0469 0.0271
0 0.2000 0.4469 0.0312 0.0271
0 0.2484 0.4552 0.0469 0.0229
0 0.2406 0.4740 0.0437 0.0271
0 0.3000 0.4583 0.0406 0.0417
0 0.3492 0.4740 0.0359 0.0271
0 0.0195 0.3156 0.0297 0.0479
0 0.0750 0.6552 0.0375 0.0354
0 0.1047 0.6500 0.0281 0.0333
0 0.1289 0.6510 0.0203 0.0354
0 0.1578 0.6531 0.0281 0.0271
0 0.1492 0.6813 0.0328 0.0375
0 0.1211 0.6896 0.0328 0.0375
0 0.0477 0.6885 0.0328 0.0396
0 0.0727 0.6875 0.0266 0.0292
0 0.0289 0.7604 0.0297 0.0458
0 0.0539 0.7490 0.0391 0.0437
0 0.1555 0.7562 0.0391 0.0500
0 0.0312 0.7917 0.0250 0.0333
0 0.0680 0.7854 0.0328 0.0250
0 0.0938 0.7875 0.0250 0.0458
0 0.1172 0.7844 0.0281 0.0437
0 0.1516 0.8531 0.0312 0.0396
0 0.1352 0.8906 0.0234 0.0354
0 0.1094 0.8885 0.0344 0.0354
0 0.0344 0.8833 0.0344 0.0375
0 0.0641 0.8865 0.0250 0.0354
0 0.0266 0.9510 0.0312 0.0396
0 0.0492 0.9500 0.0266 0.0375
0 0.0703 0.9531 0.0187 0.0437
0 0.0922 0.9542 0.0281 0.0417
0 0.0523 0.8500 0.0328 0.0417
0 0.1227 0.8479 0.0359 0.0375
0 0.3711 0.6729 0.0391 0.0417
0 0.3734 0.6062 0.0250 0.0458
0 0.4586 0.6615 0.0297 0.0354
0 0.4547 0.6854 0.0344 0.0333
0 0.4008 0.6177 0.0234 0.0437
0 0.4320 0.6208 0.0203 0.0333
