0 0.0469 0.4177 0.0531 0.0354
0 0.1039 0.4219 0.0328 0.0312
0 0.1469 0.4250 0.0437 0.0250
0 0.1891 0.4271 0.0375 0.0208
0 0.1750 0.4490 0.0437 0.0271
0 0.1156 0.4500 0.0500 0.0250
0 0.0586 0.4469 0.0359 0.0271
0 0.0180 0.4469 0.0266 0.0354
0 0.2289 0.4313 0.0391 0.0333
0 0.2258 0.4594 0.0359 0.0354
0 0.2781 0.4427 0.0437 0.0271
0 0.3164 0.4552 0.0391 0.0229
0 0.3852 0.4625 0.0453 0.0333
0 0.4414 0.4906 0.0422 0.0312
0 0.5531 0.4667 0.0406 0.0333
0 0.6258 0.4646 0.0359 0.0292
0 0.7273 0.4729 0.0391 0.0375
0 0.7945 0.4740 0.0422 0.0271
0 0.7203 0.5125 0.0406 0.0292
0 0.3031 0.5062 0.0500 0.0333
0 0.2578 0.4771 0.0437 0.0333
0 0.1828 0.5021 0.0500 0.0292
0 0.0984 0.4760 0.0469 0.0312
0 0.0187 0.4927 0.0281 0.0271
0 0.6750 0.6781 0.0187 0.0479
0 0.6156 0.3646 0.0219 0.0417
0 0.6602 0.7688 0.0203 0.0417
0 0.0609 0.6385 0.0281 0.0396
0 0.0891 0.6417 0.0281 0.0333
0 0.1172 0.6312 0.0250 0.0375
0 0.1383 0.6427 0.0234 0.0229
0 0.0359 0.6667 0.0250 0.0333
0 0.0594 0.6698 0.0219 0.0312
0 0.0859 0.6719 0.0312 0.0229
0 0.0234 0.7448 0.0344 0.0521
0 0.0250 0.7760 0.0281 0.0354
0 0.0461 0.7354 0.0359 0.0375
0 0.1453 0.7385 0.0344 0.0396
0 0.1367 0.7740 0.0297 0.0312
0 0.1039 0.7771 0.0266 0.0333
0 0.0797 0.7750 0.0281 0.0333
0 0.0586 0.7667 0.0203 0.0167
0 0.1437 0.6677 0.0250 0.0396
0 0.0195 0.8427 0.0203 0.0437
0 0.0391 0.8427 0.0281 0.0312
0 0.0633 0.8313 0.0328 0.0333
0 0.1156 0.8302 0.0281 0.0312
0 0.0984 0.8698 0.0219 0.0312
0 0.1289 0.8729 0.0297 0.0333
0 0.0813 0.8646 0.0250 0.0333
0 0.0508 0.8688 0.0328 0.0292
0 0.0172 0.9365 0.0250 0.0354
0 0.0406 0.9365 0.0250 0.0312
0 0.0664 0.9333 0.0266 0.0333
0 0.3656 0.6552 0.0406 0.0312
0 0.3883 0.6802 0.0234 0.0229
0 0.3656 0.5854 0.0219 0.0458
0 0.3937 0.5938 0.0187 0.0333
0 0.4078 0.5979 0.0187 0.0333
0 0.4195 0.5948 0.0172 0.0354
0 0.3883 0.6792 0.0234 0.0333
0 0.4523 0.6469 0.0359 0.0312
0 0.4484 0.6656 0.0281 0.0271
0 0.2172 0.7094 0.0344 0.0354
