0 0.0375 0.2323 0.0281 0.0437
0 0.0828 0.1781 0.0219 0.0521
0 0.1148 0.1677 0.0203 0.0354
0 0.0633 0.4323 0.0516 0.0312
0 0.0258 0.4583 0.0328 0.0333
0 0.0742 0.4625 0.0391 0.0292
0 0.1273 0.4354 0.0359 0.0292
0 0.1266 0.4615 0.0437 0.0271
0 0.2141 0.4583 0.0469 0.0292
0 0.2820 0.4750 0.0328 0.0292
0 0.3664 0.4667 0.0359 0.0250
0 0.4906 0.4729 0.0375 0.0208
0 0.6320 0.4740 0.0453 0.0312
0 0.7391 0.4823 0.0406 0.0271
0 0.6945 0.3219 0.0266 0.0437
0 0.6773 0.6281 0.0234 0.0604
0 0.6875 0.6979 0.0156 0.0458
0 0.6930 0.9010 0.0234 0.0479
0 0.0375 0.7479 0.0281 0.0375
0 0.0602 0.7479 0.0297 0.0250
0 0.0398 0.7927 0.0266 0.0354
0 0.0758 0.7750 0.0203 0.0333
0 0.0953 0.7854 0.0250 0.0333
0 0.1242 0.7802 0.0234 0.0354
0 0.5008 0.6177 0.0359 0.0271
0 0.1562 0.6750 0.0281 0.0375
0 0.1609 0.6521 0.0156 0.0292
0 0.0789 0.6510 0.0172 0.0312
0 0.1062 0.6458 0.0187 0.0292
0 0.1328 0.6510 0.0156 0.0271
0 0.0539 0.6792 0.0266 0.0333
0 0.0781 0.6781 0.0156 0.0312
0 0.1016 0.6802 0.0219 0.0396
0 0.1273 0.6844 0.0172 0.0312
0 0.1516 0.8448 0.0406 0.0396
0 0.0352 0.8562 0.0266 0.0375
0 0.0633 0.8521 0.0203 0.0333
0 0.0391 0.9448 0.0219 0.0396
0 0.0539 0.9510 0.0141 0.0187
0 0.0742 0.9563 0.0234 0.0250
0 0.0898 0.8792 0.0203 0.0292
0 0.1156 0.8865 0.0187 0.0396
0 0.1422 0.8833 0.0187 0.0333
0 0.0984 0.8458 0.0281 0.0208
