0 0.1336 0.7177 0.1172 0.0688
0 0.1844 0.8031 0.1313 0.0729
0 0.3586 0.6844 0.1109 0.0813
0 0.3688 0.7833 0.1250 0.0875
0 0.4867 0.6594 0.1047 0.0729
0 0.5922 0.7312 0.1187 0.0625
0 0.6875 0.6083 0.1250 0.0750
0 0.8375 0.6240 0.1062 0.0854
0 0.8266 0.7146 0.1062 0.0792
0 0.9328 0.4771 0.1313 0.0750
0 0.9492 0.5781 0.1172 0.0813
0 0.9633 0.6844 0.1297 0.0813
0 1.1062 0.5333 0.1156 0.0833
0 1.1500 0.6385 0.1313 0.0896
0 1.2344 0.3979 0.1437 0.0917
0 1.2789 0.5031 0.1172 0.0813
0 1.3992 0.5969 0.1234 0.0729
0 1.4836 0.3740 0.1078 0.0896
0 1.6062 0.4385 0.1156 0.0646
0 1.6687 0.5333 0.1250 0.0750
0 1.7492 0.3063 0.1047 0.0708
0 1.9109 0.3708 0.1094 0.0667
0 1.9930 0.4688 0.1141 0.0792
0 2.1070 0.2260 0.1047 0.0813
0 2.1516 0.3396 0.1062 0.0667
0 2.2633 0.7688 0.0609 0.1625
