0 0.1203 0.6208 0.1406 0.0875
0 0.3320 0.7604 0.1297 0.0792
0 0.5539 0.5281 0.1266 0.1021
0 0.6492 0.6104 0.1172 0.0792
0 0.5617 0.7271 0.1359 0.0917
0 0.9187 0.6708 0.1187 0.0875
0 0.9148 0.5542 0.1109 0.0958
0 1.0344 0.4229 0.1281 0.0875
0 1.3836 0.4323 0.2484 0.1187
0 1.3000 0.5687 0.1094 0.0792
0 1.7359 0.4823 0.1375 0.0813
0 1.8633 0.3688 0.1203 0.0667
0 1.9547 0.4615 0.0938 0.0771
0 2.0961 0.2177 0.1172 0.0896
0 2.1938 0.3031 0.1125 0.0688
0 2.1891 0.7448 0.0844 0.1396
0 2.1594 1.0969 0.0531 0.1938
