0 0.1375 0.7250 0.2344 0.1125
0 0.0836 0.8354 0.1141 0.0833
0 0.2313 0.8313 0.0969 0.0750
0 0.3688 0.7073 0.1187 0.0938
0 0.4594 0.7979 0.1062 0.0708
0 0.5563 0.6750 0.1062 0.0917
0 0.7164 0.6458 0.1047 0.0917
0 0.6523 0.7625 0.1266 0.0792
0 0.8781 0.7188 0.1406 0.0875
0 1.0641 0.6146 0.1187 0.1083
0 1.2430 0.5344 0.1234 0.0813
0 1.3500 0.4219 0.1219 0.0854
0 1.4750 0.4823 0.1125 0.0813
0 1.5156 0.5844 0.1156 0.0854
0 1.7398 0.4927 0.1141 0.1021
0 1.8734 0.3167 0.1094 0.0833
0 1.9523 0.5010 0.1266 0.1021
0 2.2102 0.3490 0.1141 0.0979
