0 0.0625 0.8490 0.1094 0.0771
0 0.0930 0.9417 0.1328 0.0750
0 0.2758 0.7990 0.1266 0.0896
0 0.4484 0.6854 0.1313 0.0625
0 0.3961 0.9000 0.1234 0.0875
0 0.6687 0.7417 0.2500 0.1042
0 0.5617 0.8625 0.1234 0.0833
0 0.7773 0.8344 0.1141 0.0729
0 1.0211 0.7000 0.1141 0.0750
0 1.0344 0.7906 0.1000 0.0729
0 1.3039 0.5260 0.1203 0.0813
0 1.3180 0.6292 0.1172 0.0708
0 1.4180 0.7240 0.1047 0.0854
0 1.5969 0.5750 0.1250 0.0792
0 1.7539 0.6469 0.1047 0.0813
0 2.0070 0.4875 0.1266 0.0833
0 2.2961 0.4490 0.1203 0.0896
