0 0.1359 0.7688 0.1313 0.0625
0 0.1422 0.8625 0.2219 0.1125
0 0.2109 0.9667 0.1219 0.0583
0 0.4117 0.8229 0.1141 0.0792
0 0.4609 0.9104 0.1281 0.0750
0 0.5656 0.8010 0.1156 0.0646
0 0.6055 0.6865 0.1297 0.0646
0 0.6953 0.7771 0.1094 0.0667
0 0.6523 0.8812 0.1297 0.0750
0 0.8961 0.7229 0.1078 0.0833
0 0.8602 0.8229 0.1141 0.0958
0 1.0508 0.7469 0.1016 0.0771
0 1.0312 0.8313 0.1219 0.0708
0 1.1844 0.6958 0.1219 0.0833
0 1.1930 0.7969 0.1266 0.0771
0 1.4227 0.5417 0.1141 0.0708
0 1.4125 0.6354 0.1187 0.0792
0 1.5398 0.7177 0.1047 0.0813
0 1.6891 0.4750 0.1344 0.0875
0 1.6852 0.5802 0.1391 0.0813
0 1.8602 0.6385 0.1172 0.0896
0 1.9477 0.4365 0.1016 0.0854
0 2.1352 0.4875 0.1172 0.0708
0 2.1484 0.5896 0.1094 0.0750
0 2.2820 0.3427 0.1047 0.0729
0 2.4539 0.4323 0.1016 0.0854
0 2.4484 0.7229 0.1000 0.1375
