0 0.0703 0.8167 0.1250 0.0875
0 0.1406 0.9729 0.1313 0.0833
0 0.3336 0.8438 0.1109 0.0708
0 0.3594 0.9500 0.1406 0.0792
0 0.5398 0.8031 0.1109 0.0688
0 0.5867 0.9073 0.1266 0.0771
0 0.7977 0.8760 0.1172 0.0813
0 0.9633 0.7281 0.2422 0.1187
0 1.1633 0.5990 0.1234 0.0854
0 1.1930 0.7958 0.1297 0.0792
0 1.4539 0.6406 0.1109 0.0813
0 1.5273 0.7417 0.1016 0.0917
0 1.7375 0.5906 0.1000 0.0854
0 1.9414 0.6521 0.0984 0.0875
0 2.0812 0.4177 0.1094 0.0771
0 2.0703 0.5167 0.1125 0.0750
0 2.1867 0.6073 0.1078 0.0854
