0 0.1758 0.7177 0.1328 0.0771
0 0.1078 0.9135 0.1125 0.1062
0 0.2992 0.7896 0.2422 0.0875
0 0.3430 0.8865 0.1266 0.0688
0 0.5914 0.7510 0.1203 0.0688
0 0.5563 0.8583 0.1094 0.0833
0 0.7945 0.7146 0.1203 0.0708
0 0.7836 0.8271 0.1109 0.0708
0 1.0047 0.6729 0.1125 0.0833
0 1.0000 0.7760 0.1219 0.0604
0 1.2812 0.6740 0.1344 0.0854
0 1.5484 0.5844 0.1219 0.0813
0 1.8141 0.4990 0.1062 0.0896
0 2.0773 0.5167 0.1172 0.0833
0 2.2344 0.3302 0.1156 0.0771
0 2.2078 0.4302 0.1219 0.0646
0 2.2258 0.6073 0.1172 0.1187
0 2.3555 0.7833 0.1016 0.1667
